cluster_id theta_vx theta_vy num_members num_obs pure partial false contamination linked_object num_visits
1 -0.03645484949832775 -0.08595317725752509 1 5 1 0 0  10051 5
2 -0.0050167224080267525 -0.01438127090301003 1 5 1 0 0  84162 5
3 -0.0030100334448160543 -0.01438127090301003 1 5 1 0 0  84162 5
4 0.0016722408026755842 -0.01438127090301003 1 5 1 0 0  14299 5
5 0.009698996655518405 -0.005685618729096981 1 5 1 0 0  20751 5
6 -0.0030100334448160543 -0.0016722408026755842 1 5 1 0 0  60892 5
7 -0.017725752508361198 -0.00033444816053511406 1 5 1 0 0  84070 5
8 -0.00033444816053511406 -0.00033444816053511406 1 6 1 0 0  48687 6
9 0.005016722408026766 0.014381270903010043 1 5 1 0 0  43284 5
10 -0.01705685618729097 0.01638795986622074 1 5 1 0 0  08111 5
11 0.014381270903010043 0.019063545150501682 1 5 1 0 0  43564 5
12 -0.0451505016722408 0.026421404682274247 1 5 1 0 0  24745 5
13 -0.020401337792642138 0.027090301003344502 1 5 1 0 0  09179 5
14 -0.021070234113712366 0.02775919732441473 1 7 1 0 0  09179 7
15 -0.01973244147157191 0.02775919732441473 1 6 1 0 0  09179 6
16 -0.027759197324414717 0.02842809364548496 1 5 1 0 0  19483 5
17 -0.021739130434782608 0.02842809364548496 1 8 1 0 0  09179 8
18 0.06521739130434784 0.02842809364548496 3 5 0 0 1   5
19 0.029765886287625415 0.03043478260869567 1 5 1 0 0  61112 5
20 -0.011036789297658861 0.0311036789297659 1 5 1 0 0  53203 5
21 0.03444816053511707 0.03177257525083613 1 5 1 0 0  00137 5
22 0.03444816053511707 0.03177257525083613 1 5 1 0 0  47164 5
23 0.00033444816053512794 0.03311036789297661 1 6 1 0 0  13779 6
24 0.0036789297658862963 0.03444816053511707 1 5 1 0 0  05236 5
25 0.0056856187290969945 0.03578595317725752 1 5 1 0 0  11207 5
26 -0.04381270903010033 0.03712374581939801 1 6 1 0 0  07679 6
27 -0.0431438127090301 0.03712374581939801 1 5 1 0 0  07679 5
28 -0.0451505016722408 0.037792642140468236 1 5 1 0 0  07679 5
29 0.008361204013377935 0.03979933110367895 1 5 1 0 0  65918 5
30 0.013712374581939801 0.040468227424749176 1 6 1 0 0  B0495 6
31 -0.0036789297658862824 0.04247491638795989 1 5 1 0 0  02606 5
32 -0.0023411371237458123 0.04247491638795989 1 6 1 0 0  02606 6
33 0.02775919732441473 0.043812709030100344 1 5 1 0 0  53201 5
34 0.009030100334448163 0.04782608695652174 1 5 1 0 0  46949 5
35 0.01638795986622074 0.048494983277591996 1 5 1 0 0  A5049 5
36 0.007023411371237465 0.049163879598662225 1 5 1 0 0  46949 5
37 0.010367892976588633 0.04983277591973245 1 6 1 0 0  40145 6
38 0.015719063545150513 0.04983277591973245 1 5 1 0 0  26747 5
39 -0.021739130434782608 0.05384615384615385 1 5 1 0 0  15535 5
40 0.007692307692307693 0.05585284280936456 1 6 1 0 0  48044 6
41 0.0063545150501672365 0.05652173913043479 1 5 1 0 0  48044 5
42 -0.0010033444816053422 0.05785953177257527 1 6 1 0 0  14412 6
43 -0.005685618729096981 0.06454849498327761 1 5 1 0 0  26490 5
44 0.0056856187290969945 0.06521739130434784 1 5 1 0 0  57659 5
45 0.01772575250836121 0.06588628762541807 1 5 1 0 0  C3253 5
46 0.0030100334448160543 0.06722408026755855 1 5 1 0 0  35926 5
47 0.03043478260869567 0.06722408026755855 1 5 1 0 0  A9431 5
48 0.040468227424749176 0.07324414715719066 2 5 0 0 1   5
49 -0.017725752508361198 0.07525083612040134 1 5 1 0 0  56106 5
50 0.008361204013377935 0.07725752508361206 1 5 1 0 0  B7161 5
51 0.02775919732441473 0.08060200668896322 2 5 0 0 1   5
52 0.026421404682274247 0.08127090301003345 2 5 0 0 1   5
53 0.048494983277591996 0.08127090301003345 2 5 0 0 1   5
54 0.02775919732441473 0.08193979933110371 2 6 0 0 1   6
55 -0.028428093645484945 0.0859531772575251 2 5 0 0 1   5
56 -0.01438127090301003 0.0859531772575251 1 5 1 0 0  29343 5
57 0.027090301003344502 0.0859531772575251 1 6 1 0 0  D3003 6
58 0.02775919732441473 0.0859531772575251 1 5 1 0 0  D3003 5
59 0.00033444816053512794 0.08929765886287627 1 6 1 0 0  30581 6
60 -0.025752508361204005 0.09197324414715721 2 5 0 0 1   5
61 -0.025083612040133776 0.09331103678929767 1 5 1 0 0  26343 5
62 0.01839464882943144 0.09331103678929767 1 5 1 0 0  J5775 5
63 0.01638795986622074 0.0939799331103679 1 6 1 0 0  J5775 6
64 0.017056856187290984 0.0939799331103679 1 5 1 0 0  J5775 5
65 0.01839464882943144 0.0939799331103679 1 7 1 0 0  J5775 7
66 -0.05785953177257525 0.1 1 5 1 0 0  65245 5
67 0.001003344481605356 0.1 1 5 1 0 0  51751 5
68 0.0451505016722408 0.1 2 5 0 0 1   5
