designation num_obs findable found_pure found_partial found dtheta_x/dt_median dtheta_y/dt_median dtheta_x/dt_sigma dtheta_y/dt_sigma r_au_median Delta_au_median r_au_sigma Delta_au_sigma orbit_id
02920 9 1 0 0 0 -0.01786823246603115 0.10992207569639181 0.005778892630952448 0.0022459610033207216 5.1869672495  0.0  120
23480 9 1 0 0 0 -0.004598131749672234 0.09529146004398836 0.007498507050501534 0.002838874727334811 5.1259301416000005  0.0  120
09179 8 1 1 0 1 -0.01909746458785513 0.029172414488767968 0.001505434491303269 0.000245039109893239 2.7900036789  0.0  120
96189 8 1 0 0 0 0.19191181771448945 0.11994631724797102 0.0001855664558762104 0.0011289328797820168 1.6732679802  0.0  120
11396 8 1 0 0 0 -0.03605730999104722 0.08020573638914799 0.01995940264267954 0.0039568821239410225 5.1110528674  0.0  120
51751 8 1 1 0 1 0.001731509017204907 0.10008857526381293 0.002120256266378613 0.0007229327322264196 2.9840278196  0.0  120
02606 8 1 1 0 1 -0.002571365172270068 0.0424780746131491 0.015672265861742914 0.0031333324811267764 2.8986348781  0.0  120
12921 7 1 0 0 0 -0.05186589306750719 0.06910188504874912 0.007170615964596188 0.0012064783253029267 5.597567994299999  0.0  120
J5775 7 1 1 0 1 0.01884623200646017 0.09371065262682649 0.0007185181857986706 0.000455163980953359 2.7288449917000004  0.0  120
25869 7 1 0 0 0 -0.035786134102417794 0.09577644451144421 0.005670749587368849 0.001583766947212019 4.4884351359  8.881784197001252e-16  120
39264 7 1 0 0 0 -0.006559483904229247 0.09116946286848748 0.006250136826893061 0.002202953884212641 5.3427577898  8.881784197001252e-16  120
10989 7 1 0 0 0 -0.035680934166841316 0.07219379372799717 0.0064802662349714366 0.0012421035416633204 5.1807991925  8.881784197001252e-16  120
46949 7 1 1 0 1 0.010274052675273381 0.04780694797921549 0.015526930922482416 0.003179558997429512 2.589711027  0.0  120
26343 7 1 1 0 1 -0.019402767069580898 0.09180025911875409 0.0016505156457955988 0.0006188866367917239 2.7816457202  0.0  120
65245 7 1 1 0 1 -0.04327766982032503 0.09585949513004641 0.004254641261259537 0.001185583674638318 5.2171240503  0.0  120
40145 6 1 1 0 1 0.012003928107393555 0.04969742087782574 0.0012952319595719768 0.0004609602905274258 2.6430823504  0.0  120
03928 6 1 0 0 0 0.08875597822397872 0.05926967613284049 0.005677131170772705 0.00025879337861199104 1.8228895485  2.220446049250313e-16  120
47995 6 1 0 0 0 -0.0019866456117712127 0.026161672131558962 0.0028951988536595656 0.0005662811739769989 2.9055379214  0.0  120
15535 6 1 1 0 1 -0.015198069397188397 0.053831905950626556 0.002657431713096791 0.00035650013977492665 5.5410110857  0.0  120
07679 6 1 1 0 1 -0.04208413656593677 0.03785207111851537 0.0013947728128365089 0.00028053261524088537 2.9342946111000003  0.0  120
26490 6 1 1 0 1 -0.005293597645116525 0.06464695238886017 0.017538260710252173 0.0034039919307844472 2.8131005793  0.0  120
14412 6 1 1 0 1 -0.0009082586391520061 0.05788802744783896 0.000814746877122818 0.0004888597490065365 2.4532477989  0.0  120
07557 6 1 0 0 0 -0.02549179644147396 0.04670448179153541 0.0033148710124473583 0.0007438470986067433 3.0042279416000004  0.0  120
D3003 6 1 1 0 1 0.02690770197814492 0.08654601045683888 0.00029439307131024536 7.69845113715704e-06 2.4188787928  4.440892098500626e-16  120
84162 6 1 1 0 1 -0.002349691069429087 -0.01455502393369817 0.0007982165159520428 9.899004549403185e-05 2.5339864166  0.0  120
77672 6 1 0 0 0 -0.014522973299239038 0.09827880577422594 0.004038500309722276 0.0017601547028395508 3.4164023772000003  0.0  120
30581 6 1 1 0 1 0.0006383056839970023 0.08928727741162797 0.0006588329590037743 0.0003962072203644446 2.4975051073  0.0  120
B0495 6 1 1 0 1 0.014037901480355872 0.04066398349920653 0.00039476614632787913 0.0001714885075896012 2.5093938339  4.440892098500626e-16  120
K08O22L 6 1 0 0 0 0.2742553236504028 0.12467782716456023 0.008434918661467889 0.0024032439127883924 1.4553100035  0.0  120
02146 6 1 0 0 0 -0.0671005876455526 0.06102806372822023 0.0044461137597921006 0.0009123438587545565 5.4034771831  8.881784197001252e-16  120
75781 6 1 0 0 0 -0.015297904110147776 0.11221988656715799 0.003740275146259462 0.0009865758532321923 3.0603889392  4.440892098500626e-16  120
i2628 6 1 0 0 0 0.14786260999351336 0.0354368177865867 0.006516284316416391 0.0006556288081265942 1.6649456938999998  0.0  120
16551 6 1 0 0 0 -0.024718869767730228 0.02733613804793761 0.0026499521061390382 0.0006289749793048569 2.9238316081  0.0  120
A9412 6 1 0 0 0 -0.001504406105678867 0.0978829967742687 0.0009313221725420984 0.00044414043593931285 2.6593463663  0.0  120
58011 6 1 0 0 0 6.410533169579163e-05 0.0672156245571964 0.02187435178975636 0.01411574795875681 3.0266615857  0.0  120
15436 6 1 0 0 0 -0.03564755834511036 0.09395903458845659 0.006238857195794579 0.0015372447531807154 5.3628647015  0.0  120
51094 6 1 0 0 0 0.002429641921707013 0.042428016466459426 0.002525635267220678 0.0006460938190227949 2.9010296904  0.0  120
48687 6 1 1 0 1 0.00040665216135905315 -7.318371123081045e-05 0.01557329717078938 0.0022985928164751474 2.3822029184  4.440892098500626e-16  120
13779 6 1 1 0 1 0.0026059357302278263 0.03254000467913307 0.015964064623171383 0.0027578302193983417 2.4884829241  0.0  120
46250 6 1 0 0 0 0.009632350793422296 0.05413042286808498 0.002273063091265021 0.0005889011557251388 2.7859677974  0.0  120
43564 6 1 1 0 1 0.014377941837719663 0.01986905246203568 0.017069998503497687 0.0031212139068248564 2.6392087671  0.0  120
87822 6 1 0 0 0 0.009962850710360774 0.06153164996328283 0.0016402227485641714 0.0008404874005827312 2.7972337793  4.440892098500626e-16  120
48044 6 1 1 0 1 0.009114206460632735 0.05516999537366097 0.0020336631950307474 0.0008007154584274596 3.1551053721  0.0  120
81365 6 1 0 0 0 -0.014488696036906954 0.05421395405684788 0.0022490457724923174 0.0005517220416263175 3.232245839  4.440892098500626e-16  120
25268 6 1 0 0 0 0.0053559204148682545 0.05010237364759269 0.0015202573828524651 0.0004856740241155352 2.8491446227  4.440892098500626e-16  120
19483 6 1 1 0 1 -0.023604316152948387 0.02763514300857487 0.0015253680930053537 0.00037552534400993066 2.7719988015  0.0  120
73278 6 1 0 0 0 0.008645440022614694 0.07385144632355126 0.0013803504719602396 0.00048195777136672227 2.7051524637  4.440892098500626e-16  120
00190 6 1 0 0 0 -0.029898472523832247 0.05571116162717948 0.007206378060826328 0.00122864709144022 4.4674756308  0.0  120
76312 6 1 0 0 0 -0.01920141592696492 -0.0007562790232640821 0.002163554171911577 0.00037066186097244557 3.0106665955  0.0  120
10051 6 1 1 0 1 -0.036794526896145444 -0.08579899065776368 0.013666878775490063 0.0017348046143491908 2.0220650372  4.440892098500626e-16  120
72614 6 1 0 0 0 -0.00901064666094694 0.05935451674863144 0.0180772137509653 0.0030950124878182115 3.005189664  0.0  120
45720 5 1 0 0 0 -0.02440213892559981 0.05337027740093614 0.00232824893704218 0.000456475301287422 3.2051090435000003  4.440892098500626e-16  120
O0930 5 1 0 0 0 0.0796033468106915 0.013354707642810689 0.00615443287655895 0.0002137195426474226 1.8264152654  0.0  120
86406 5 1 0 0 0 0.004791303715262294 0.10734133351962709 3.6006447275819355e-05 0.00032920374592253855 2.4451727485  0.0  120
43284 5 1 1 0 1 0.005615333740665318 0.014129614363336582 0.0005215129924979869 0.0007451426469844245 2.427212209  0.0  120
69014 5 1 0 0 0 -0.030543860175400922 0.0709034329110526 0.0018628693287092177 0.0005189310939643849 3.6025968516000004  0.0  120
S0211 5 1 0 0 0 0.05028652178123014 -0.004717220882530624 0.0033892022155313046 0.00017914661859095717 1.8985860863  0.0  120
01425 5 1 0 0 0 -0.01160872845355191 0.03641444683705922 0.002214522439747806 0.0006747392656928817 2.7810291382  0.0  120
24399 5 1 0 0 0 -0.008327875598910607 0.037806864014862204 0.0010882672464789986 0.0003776632569901821 2.768179904  0.0  120
05650 5 1 0 0 0 -0.005106642727719785 0.07539449685631686 0.0012387258476780074 0.0005065913151062804 2.813627087  0.0  120
J3763 5 1 0 0 0 -0.0027340222967662466 0.11462324526050494 0.0012072290826138441 0.00072822946079973 2.954785495  0.0  120
31260 5 1 0 0 0 -0.018859725307914528 0.05889253216471868 0.0024952717503273544 0.0005936165681376867 3.0387034265  0.0  120
P8380 5 1 0 0 0 0.006921278938956938 0.11371038042917134 0.0005681446820353352 0.00017916739364078535 2.3392168478  0.0  120
53203 5 1 1 0 1 -0.00955982751572782 0.03121597827358035 0.017196985659528454 0.0031467424952017573 2.4480514009  0.0  120
F5000 5 1 0 0 0 -0.002424998965676362 -0.024394630008917895 0.0008719392816228385 0.00041246081771623014 2.2133107902  0.0  120
R0785 5 1 0 0 0 0.012848440080318966 -0.00831197073873108 0.00042740729143820813 0.0001692323421061164 2.632595666  0.0  120
E4840 5 1 0 0 0 -0.019071261518716597 0.061885478306254196 0.007288245304835122 0.0010678957587166972 5.0750381462  0.0  120
01070 5 1 0 0 0 -0.002841368668348152 0.01610009037749563 0.002394056905918215 0.0004855946115868427 3.0408645278  0.0  120
C0361 5 1 0 0 0 0.028388775945001464 0.0857018398623212 0.015698954619689065 0.0027939716446052395 2.2695223445  0.0  120
B7161 5 1 1 0 1 0.008252751393506725 0.07777172931630447 0.00030539614841971927 3.039006836385386e-05 2.3921717547  0.0  120
08111 5 1 1 0 1 -0.016121576403702636 0.01674787492122698 0.0012929043548006794 9.666948730093392e-05 2.5859692318  0.0  120
08833 5 1 0 0 0 0.021300908845757412 0.041593973486229244 0.0007513584916539764 0.0005033859768951974 2.6126964592  0.0  120
A9431 5 1 1 0 1 0.029793687175020546 0.06729450054143127 0.0005015764259866607 0.00015061252431239442 2.3727461683  0.0  120
C3253 5 1 1 0 1 0.017787980460699175 0.0663349059671387 0.00011089602115604754 0.00048433249753242967 2.4413111818  0.0  120
21887 5 1 0 0 0 -0.021034188946556728 0.05879700928308361 0.021305872936615906 0.004218984670166987 3.1837182714  0.0  120
H2819 5 1 0 0 0 -0.02335350421645331 0.08919901103894251 0.0067087792566403 0.0018918148508422431 4.9945529678  0.0  120
N0633 5 1 0 0 0 0.03055831373742675 0.10758839464447661 0.016038564512026617 0.002995269500169478 2.3143950239  0.0  120
48304 5 1 0 0 0 -0.013719361154065135 0.09343570097823231 0.0028234420869214937 0.0010451814967325928 3.1930748799  0.0  120
33545 5 1 0 0 0 -0.002634726069055557 0.044348886382666 0.0018980228065988832 0.0005752609967986292 2.7686583213  0.0  120
26747 5 1 1 0 1 0.01591694713628161 0.0499936309334171 0.00035818620882003546 0.00045905793587539884 2.4955849301  0.0  120
84070 5 1 1 0 1 -0.013475951053924531 -0.000923008416535202 0.0016476269332385942 0.00035555260416048144 2.6796849973  0.0  120
32742 5 1 0 0 0 0.017051495184593042 0.07038427606134909 0.0006859013373568978 0.0004837835398216518 2.5613349684  0.0  120
25787 5 1 0 0 0 -0.004064643754609245 0.021827346683471784 0.0030193979843231473 0.0007259532585586695 2.9379904102  0.0  120
65257 5 1 0 0 0 -0.008798014583106323 0.093079119142322 0.006570922715446585 0.0019882781982848183 5.4236027167  0.0  120
29343 5 1 1 0 1 -0.013155513934296424 0.0860515616936661 0.0018980823792307487 0.0009287290885018021 2.8852108007  0.0  120
V9431 5 1 0 0 0 0.023002066859927194 0.04413816060226235 0.0013682457709143074 0.0006708892937577453 2.7651334858  0.0  120
D7004 5 1 0 0 0 0.0609308206692928 -0.016183187145359698 0.001979631687935986 8.995042051954554e-05 2.0581999607  0.0  120
99233 5 1 0 0 0 0.01101725125014266 0.0936336061794617 0.002881859303530894 0.0014906036747647064 3.0295988918  0.0  120
A5049 5 1 1 0 1 0.015844705106602096 0.048935980925414214 0.0003022900704825737 5.636299285565076e-05 2.3434488396  0.0  120
C2583 5 1 0 0 0 0.11018996925705604 0.13528364345771654 0.003342993239015546 0.0007251382821932359 1.7609428427  0.0  120
81698 5 1 0 0 0 0.09335432807641705 -0.02046214388032267 0.0017030263281648664 0.0002673576127848723 1.9582306739  0.0  120
00137 5 1 1 0 1 0.03559317323284874 0.03185139913132815 0.0003655664740638986 0.00014968052868978232 2.4631933238  0.0  120
63286 5 1 0 0 0 -0.019381113390931664 0.057843691454179086 0.006013657733458061 0.0012891788387798515 5.278240552200001  0.0  120
68352 5 1 0 0 0 0.014726188546472188 0.059073183954505115 0.0008559416415363424 0.0003739886107287572 2.6464290966  0.0  120
35926 5 1 1 0 1 0.005387763076757238 0.06625995608063509 0.0008924250101631635 0.00035975084726502815 2.6995452368  0.0  120
H3084 5 1 0 0 0 -0.018434582308992482 0.09408124845243832 0.0036082717475617023 0.0010508779753962316 4.9945303103  0.0  120
05348 5 1 0 0 0 -0.034479136208108704 0.06876046046237072 0.0025287279808362253 0.0004063354571393014 3.2634266058  4.440892098500626e-16  120
K6200 5 1 0 0 0 0.009281659113452143 0.1347692257756728 0.0006773117375054792 0.0006805686432917169 2.6713933409  0.0  120
13520 5 1 0 0 0 0.038776289489114185 0.01309554308208494 0.000488757015582015 0.00043605919796957447 2.3177074179  0.0  120
29861 5 1 0 0 0 -0.01924552550981249 0.07888049398843688 0.0016443691184083171 0.0005161423434198361 3.4837773872000004  4.440892098500626e-16  120
G1292 5 1 0 0 0 0.0856922568002059 -0.031178916499514715 0.005159900578031185 0.0006255688211210972 1.8859270897  2.220446049250313e-16  120
57659 5 1 1 0 1 0.006801548838956779 0.06495098657262174 0.0009538398514022306 0.00033422768278824574 2.5762169194  0.0  120
46993 5 1 0 0 0 -0.01578621440077922 0.045800221655550186 0.0016274432076861728 0.00028268413006823104 2.6235986558  0.0  120
21595 5 1 0 0 0 -0.06105694343342605 0.06758305255571243 0.00494729621626612 0.0011345700167005514 5.3671845598  0.0  120
26270 5 1 0 0 0 -0.010556372985010849 0.021789432565041678 0.0012021723799449013 0.00034054768073720604 2.8322964006  0.0  120
J0268 5 1 0 0 0 0.007525534521101973 0.0754845639505421 0.005764166286630724 0.001981398215443314 4.9242427944  0.0  120
20751 5 1 1 0 1 0.010366011917433093 -0.0050179765073561375 0.00019013540084897708 0.0002459888688532227 2.4182443183  0.0  120
47164 5 1 1 0 1 0.034923138346653254 0.03219582773077761 0.00018612354705288363 2.2848538289147745e-05 2.3483308228  0.0  120
15536 5 1 0 0 0 -0.02797691528172916 0.08436085397654078 0.004838093454414608 0.0012196125641966305 5.8184018535  0.0  120
P0224 5 1 0 0 0 0.042058031958169095 0.14820260581884806 0.0054090373044336105 0.002082686473824936 1.8439970546  2.220446049250313e-16  120
14122 5 1 0 0 0 0.049515826609219424 0.005024618767724845 0.004245025593391272 0.00024402741621134158 1.8196436324  0.0  120
64115 5 1 0 0 0 0.025986720807589986 0.041660740550135564 0.000712492609291878 0.00020194884848325674 2.294625045  0.0  120
53201 5 1 1 0 1 0.028389116820456754 0.04320453675866977 0.0001826599776463011 0.0005097780211452605 2.448494477  0.0  120
70011 5 1 0 0 0 -0.02064769828421185 0.08650042509526781 0.0035208773639413726 0.0008296890756381234 2.9519378875  0.0  120
44563 5 1 0 0 0 -0.03460986168560273 0.052639522791590586 0.0029316395189561205 0.0006065027419953583 3.4812866787  4.440892098500626e-16  120
56106 5 1 1 0 1 -0.01740135557177576 0.0755672743905722 0.0002363631101953913 0.00030386323673362703 2.4535300912  0.0  120
14299 5 1 1 0 1 0.001300731160780008 -0.013980790025322841 0.0003319518220950587 2.8753166627034575e-05 2.3183529827  0.0  120
K00Q30P 5 1 0 0 0 0.26235608268624283 0.1660284873083323 0.004286687156941109 0.0008368970683965052 1.4173489681  0.0  120
20971 5 1 0 0 0 0.04523618303127448 0.03267459658697715 0.0007635064098211421 0.00021410317570583572 2.2658045735  0.0  120
60892 5 1 1 0 1 -0.0018531243531377658 -0.001171422476015498 0.00035575687233148405 5.652814493053209e-05 2.4631666952  0.0  120
65918 5 1 1 0 1 0.009028424199129149 0.039338041323207465 0.00016459348410053493 0.0003939074991407149 2.4572920134  0.0  120
77442 5 1 0 0 0 0.026240093150925 0.04523436107039058 0.00068492331802002 0.00040496362465777065 2.6045366084  0.0  120
G5817 5 1 0 0 0 0.007236403832165711 0.0008039941623432071 0.002043258917302545 0.0005431583899224873 2.8340701683  0.0  120
37946 5 1 0 0 0 0.01791713078523139 0.013069295852879238 0.0002196205413028614 0.000568671814438791 2.4683769245  0.0  120
24745 5 1 1 0 1 -0.04304778260008687 0.02630548754868415 0.001712082068017881 0.00017857851912162815 3.0486569403  0.0  120
01252 5 1 0 0 0 -0.028200134844899652 -0.0558019594249403 0.002198782838881769 0.0010595098037627607 2.7565084968  0.0  120
42859 5 1 0 0 0 -0.014192253961076427 0.03570598067637119 0.002218430689906071 0.0005149674196134879 3.1104777202  0.0  120
61112 5 1 1 0 1 0.029730064776905596 0.03125287055801203 0.0002795816490441344 0.00013462164765052528 2.251508722  0.0  120
76381 5 1 0 0 0 -0.004286120309352572 0.059791662424670496 0.00289887311467058 0.0008008941132979997 3.3022074578  4.440892098500626e-16  120
Y7892 5 1 0 0 0 0.09873053661717217 0.06656313166025424 0.008300690624920363 0.0009148365510657191 1.7151093441999998  2.220446049250313e-16  120
13901 5 1 0 0 0 -0.003582437130877129 0.06948663940338046 0.002208700453162668 0.0006187881152847479 2.7981897678  0.0  120
f6959 5 1 0 0 0 0.06887577352074487 0.10713437724229488 0.00279645098072188 0.0005034378420935944 1.9918318957  0.0  120
06087 5 1 0 0 0 0.006859700436693485 -0.10982463891329786 0.0017104483834780601 0.0009479119754863798 1.9761333195  0.0  120
01410 5 1 0 0 0 -0.018703285344148404 0.03421527422110912 0.002516355737851899 0.0005022851311097135 3.0120125455  0.0  120
11207 5 1 1 0 1 0.0064685873617257115 0.037228090165596486 0.00014676086404618625 0.00016308228826563583 2.4595035058000003  0.0  120
e0835 5 1 0 0 0 0.05530301975338868 0.08164381399133583 0.0012446194595682313 0.0002953882110092248 2.1055132103  0.0  120
24171 5 1 0 0 0 -0.010710246103565375 0.042754295490387964 0.0006485971865526357 0.0002771478049677349 2.5667895812  0.0  120
18338 5 1 0 0 0 -0.011582451509334785 0.07456955153145874 0.0015955573475181699 0.0004125771970325118 2.9085996103  0.0  120
g1149 5 1 0 0 0 0.02024183097789673 0.10717281368745166 0.00043467740295212204 0.00033511809476547945 2.4908526421  0.0  120
63292 5 1 0 0 0 -0.02603873812488003 0.048992357836685804 0.008418114088722044 0.0009773845241285305 5.3206543901  0.0  120
50610 5 1 0 0 0 0.009845108183659936 0.04170445449292683 0.0019093481606173085 0.0005505427945378991 2.7408886262  0.0  120
27444 5 1 0 0 0 0.0025883901284943474 0.06644556192464816 0.0015035908019117815 0.00036897793810210727 2.9265918303  0.0  120
23130 5 1 0 0 0 0.011981101054275418 0.06232041572729854 0.0005401854192718608 0.00048246914157579256 2.5671960819  0.0  120
22711 5 1 0 0 0 0.0005307012102663942 0.027061380310983724 0.0012266708696082485 0.00032775711428043123 2.818546209  0.0  120
H1206 5 1 0 0 0 0.005372159259716371 0.03691746768820456 0.0010886659799226356 0.0010043212291013233 2.6581849829  0.0  120
78550 5 1 0 0 0 -0.0007778461627042255 0.0511026429262985 0.00176202723644641 0.0005570354482341376 3.0379805347000004  0.0  120
05236 5 1 1 0 1 0.0029962920904658646 0.034456706764108155 0.0006015932286370759 0.00016614036886863082 2.3023084417  0.0  120
50523 5 1 0 0 0 0.059202865718058884 -0.017911427104011474 0.0005207281382202008 0.001149901502184537 2.2108861648  0.0  120
24388 5 1 0 0 0 -0.009261547194944465 0.0793350251168686 0.0032151805795497834 0.0011818743834987834 3.4240911987  0.0  120
30392 4 0 0 0 0         120
69182 4 0 0 0 0         120
07954 4 0 0 0 0         120
35593 4 0 0 0 0         120
30177 4 0 0 0 0         120
66339 4 0 0 0 0         120
13385 4 0 0 0 0         120
S5602 4 0 0 0 0         120
A8603 4 0 0 0 0         120
I9645 4 0 0 0 0         120
52774 4 0 0 0 0         120
I2366 4 0 0 0 0         120
09711 4 0 0 0 0         120
33962 4 0 0 0 0         120
28490 4 0 0 0 0         120
46245 4 0 0 0 0         120
05244 4 0 0 0 0         120
29558 4 0 0 0 0         120
31681 4 0 0 0 0         120
N7900 4 0 0 0 0         120
G7006 4 0 0 0 0         120
A8885 4 0 0 0 0         120
74135 4 0 0 0 0         120
45464 4 0 0 0 0         120
B5931 4 0 0 0 0         120
E2826 4 0 0 0 0         120
22388 4 0 0 0 0         120
26461 4 0 0 0 0         120
13016 4 0 0 0 0         120
A9415 4 0 0 0 0         120
H6763 4 0 0 0 0         120
58932 4 0 0 0 0         120
27376 4 0 0 0 0         120
56037 4 0 0 0 0         120
70767 4 0 0 0 0         120
00483 4 0 0 0 0         120
28863 4 0 0 0 0         120
E5258 4 0 0 0 0         120
18837 4 0 0 0 0         120
32136 4 0 0 0 0         120
58160 4 0 0 0 0         120
B0497 4 0 0 0 0         120
A8954 4 0 0 0 0         120
A0164 4 0 0 0 0         120
R2079 4 0 0 0 0         120
10442 4 0 0 0 0         120
J5719 4 0 0 0 0         120
L9405 4 0 0 0 0         120
04008 4 0 0 0 0         120
A4611 4 0 0 0 0         120
78091 4 0 0 0 0         120
51169 4 0 0 0 0         120
A3581 4 0 0 0 0         120
64204 4 0 0 0 0         120
23892 4 0 0 0 0         120
13782 4 0 0 0 0         120
51636 4 0 0 0 0         120
87318 4 0 0 0 0         120
B7892 4 0 0 0 0         120
78242 4 0 0 0 0         120
85302 4 0 0 0 0         120
31941 4 0 0 0 0         120
26094 4 0 0 0 0         120
g2743 4 0 0 0 0         120
U0281 4 0 0 0 0         120
N5601 4 0 0 0 0         120
15197 4 0 0 0 0         120
54010 4 0 0 0 0         120
22014 4 0 0 0 0         120
05067 4 0 0 0 0         120
O3850 4 0 0 0 0         120
Z9724 4 0 0 0 0         120
B2804 4 0 0 0 0         120
81484 4 0 0 0 0         120
55139 4 0 0 0 0         120
39048 4 0 0 0 0         120
82758 4 0 0 0 0         120
D8132 4 0 0 0 0         120
B4032 4 0 0 0 0         120
L7772 4 0 0 0 0         120
25057 4 0 0 0 0         120
F2220 4 0 0 0 0         120
d2557 4 0 0 0 0         120
E2519 4 0 0 0 0         120
27251 4 0 0 0 0         120
30920 4 0 0 0 0         120
A7859 4 0 0 0 0         120
B5116 4 0 0 0 0         120
I5898 4 0 0 0 0         120
72778 4 0 0 0 0         120
E1904 4 0 0 0 0         120
B1356 4 0 0 0 0         120
33633 4 0 0 0 0         120
A9220 4 0 0 0 0         120
O2091 4 0 0 0 0         120
50073 4 0 0 0 0         120
82348 4 0 0 0 0         120
L7301 4 0 0 0 0         120
71556 4 0 0 0 0         120
B0703 4 0 0 0 0         120
12951 4 0 0 0 0         120
19952 4 0 0 0 0         120
H9934 4 0 0 0 0         120
15671 4 0 0 0 0         120
83540 4 0 0 0 0         120
a3121 4 0 0 0 0         120
67292 4 0 0 0 0         120
15272 4 0 0 0 0         120
10830 4 0 0 0 0         120
01129 4 0 0 0 0         120
D3124 4 0 0 0 0         120
71645 4 0 0 0 0         120
44482 4 0 0 0 0         120
53780 4 0 0 0 0         120
X0789 4 0 0 0 0         120
23624 4 0 0 0 0         120
07002 4 0 0 0 0         120
41458 4 0 0 0 0         120
79681 4 0 0 0 0         120
40474 4 0 0 0 0         120
45426 4 0 0 0 0         120
I6912 4 0 0 0 0         120
87826 4 0 0 0 0         120
39938 4 0 0 0 0         120
61933 4 0 0 0 0         120
55224 4 0 0 0 0         120
E6694 4 0 0 0 0         120
L5266 4 0 0 0 0         120
E2715 4 0 0 0 0         120
C2258 4 0 0 0 0         120
51817 4 0 0 0 0         120
L6995 4 0 0 0 0         120
04866 4 0 0 0 0         120
70991 4 0 0 0 0         120
D7076 4 0 0 0 0         120
81286 4 0 0 0 0         120
D9216 4 0 0 0 0         120
G0243 4 0 0 0 0         120
F5544 4 0 0 0 0         120
F0516 4 0 0 0 0         120
G6270 4 0 0 0 0         120
24660 4 0 0 0 0         120
82545 4 0 0 0 0         120
G7102 4 0 0 0 0         120
26371 4 0 0 0 0         120
C3576 4 0 0 0 0         120
A4393 4 0 0 0 0         120
29856 4 0 0 0 0         120
00892 4 0 0 0 0         120
47014 4 0 0 0 0         120
04060 4 0 0 0 0         120
A8616 4 0 0 0 0         120
72676 4 0 0 0 0         120
C8413 4 0 0 0 0         120
47940 4 0 0 0 0         120
T7501 4 0 0 0 0         120
60383 4 0 0 0 0         120
54923 4 0 0 0 0         120
66432 4 0 0 0 0         120
B9375 4 0 0 0 0         120
J5646 4 0 0 0 0         120
57232 4 0 0 0 0         120
10618 4 0 0 0 0         120
B1173 4 0 0 0 0         120
D2758 4 0 0 0 0         120
13501 4 0 0 0 0         120
P8121 4 0 0 0 0         120
45455 4 0 0 0 0         120
A8407 4 0 0 0 0         120
19514 4 0 0 0 0         120
K1806 4 0 0 0 0         120
47029 4 0 0 0 0         120
A4269 4 0 0 0 0         120
46529 4 0 0 0 0         120
86903 4 0 0 0 0         120
57486 4 0 0 0 0         120
51253 4 0 0 0 0         120
89140 4 0 0 0 0         120
a0829 4 0 0 0 0         120
66057 4 0 0 0 0         120
24805 4 0 0 0 0         120
D4437 4 0 0 0 0         120
78148 4 0 0 0 0         120
73437 4 0 0 0 0         120
17077 4 0 0 0 0         120
24426 4 0 0 0 0         120
83663 4 0 0 0 0         120
27306 4 0 0 0 0         120
66051 4 0 0 0 0         120
55571 4 0 0 0 0         120
F8591 4 0 0 0 0         120
b7696 4 0 0 0 0         120
58325 4 0 0 0 0         120
31544 4 0 0 0 0         120
C8349 4 0 0 0 0         120
61482 3 0 0 0 0         120
G2927 3 0 0 0 0         120
D3570 3 0 0 0 0         120
36511 3 0 0 0 0         120
A4851 3 0 0 0 0         120
48485 3 0 0 0 0         120
40338 3 0 0 0 0         120
U4809 3 0 0 0 0         120
81799 3 0 0 0 0         120
09713 3 0 0 0 0         120
35272 3 0 0 0 0         120
40176 3 0 0 0 0         120
O5502 3 0 0 0 0         120
B3570 3 0 0 0 0         120
82953 3 0 0 0 0         120
68251 3 0 0 0 0         120
A6705 3 0 0 0 0         120
78844 3 0 0 0 0         120
I9971 3 0 0 0 0         120
65869 3 0 0 0 0         120
46616 3 0 0 0 0         120
73961 3 0 0 0 0         120
15192 3 0 0 0 0         120
Q1076 3 0 0 0 0         120
13517 3 0 0 0 0         120
A4836 3 0 0 0 0         120
44599 3 0 0 0 0         120
g4225 3 0 0 0 0         120
O6078 3 0 0 0 0         120
07653 3 0 0 0 0         120
50671 3 0 0 0 0         120
05469 3 0 0 0 0         120
36881 3 0 0 0 0         120
M5410 3 0 0 0 0         120
33707 3 0 0 0 0         120
D1896 3 0 0 0 0         120
01169 3 0 0 0 0         120
I0186 3 0 0 0 0         120
94752 3 0 0 0 0         120
46676 3 0 0 0 0         120
30480 3 0 0 0 0         120
01568 3 0 0 0 0         120
V7462 3 0 0 0 0         120
02084 3 0 0 0 0         120
36976 3 0 0 0 0         120
18064 3 0 0 0 0         120
96646 3 0 0 0 0         120
49829 3 0 0 0 0         120
47836 3 0 0 0 0         120
A3633 3 0 0 0 0         120
85526 3 0 0 0 0         120
A9230 3 0 0 0 0         120
f5340 3 0 0 0 0         120
B0035 3 0 0 0 0         120
B3723 3 0 0 0 0         120
41529 3 0 0 0 0         120
82352 3 0 0 0 0         120
85937 3 0 0 0 0         120
03224 3 0 0 0 0         120
V7571 3 0 0 0 0         120
C3991 3 0 0 0 0         120
82406 3 0 0 0 0         120
63482 3 0 0 0 0         120
65349 3 0 0 0 0         120
63378 3 0 0 0 0         120
J1456 3 0 0 0 0         120
44549 3 0 0 0 0         120
94744 3 0 0 0 0         120
39187 3 0 0 0 0         120
78589 3 0 0 0 0         120
P5874 3 0 0 0 0         120
90337 3 0 0 0 0         120
07906 3 0 0 0 0         120
45493 3 0 0 0 0         120
C7266 3 0 0 0 0         120
23949 3 0 0 0 0         120
38610 3 0 0 0 0         120
F8755 3 0 0 0 0         120
09521 3 0 0 0 0         120
16113 3 0 0 0 0         120
T7103 3 0 0 0 0         120
69996 3 0 0 0 0         120
49275 3 0 0 0 0         120
65227 3 0 0 0 0         120
52025 3 0 0 0 0         120
97594 3 0 0 0 0         120
29847 3 0 0 0 0         120
A1387 3 0 0 0 0         120
08490 3 0 0 0 0         120
29481 3 0 0 0 0         120
17109 3 0 0 0 0         120
51238 3 0 0 0 0         120
46242 3 0 0 0 0         120
10839 3 0 0 0 0         120
66162 3 0 0 0 0         120
27330 3 0 0 0 0         120
43091 3 0 0 0 0         120
03871 3 0 0 0 0         120
e2724 3 0 0 0 0         120
S5921 3 0 0 0 0         120
C8381 3 0 0 0 0         120
26293 3 0 0 0 0         120
U2910 3 0 0 0 0         120
14028 3 0 0 0 0         120
46265 3 0 0 0 0         120
71283 3 0 0 0 0         120
01979 3 0 0 0 0         120
D5766 3 0 0 0 0         120
F8246 3 0 0 0 0         120
D1816 3 0 0 0 0         120
N7498 3 0 0 0 0         120
S8155 3 0 0 0 0         120
13586 3 0 0 0 0         120
29796 3 0 0 0 0         120
E6346 3 0 0 0 0         120
29747 3 0 0 0 0         120
O4684 3 0 0 0 0         120
B6117 3 0 0 0 0         120
C8175 3 0 0 0 0         120
R6334 3 0 0 0 0         120
37599 3 0 0 0 0         120
D1738 3 0 0 0 0         120
21243 3 0 0 0 0         120
07047 3 0 0 0 0         120
27820 3 0 0 0 0         120
G5726 3 0 0 0 0         120
55574 3 0 0 0 0         120
I7320 3 0 0 0 0         120
E7124 3 0 0 0 0         120
51116 3 0 0 0 0         120
92975 3 0 0 0 0         120
24485 3 0 0 0 0         120
56162 3 0 0 0 0         120
06509 3 0 0 0 0         120
67397 3 0 0 0 0         120
49446 3 0 0 0 0         120
J7191 3 0 0 0 0         120
15657 3 0 0 0 0         120
14261 3 0 0 0 0         120
F4635 3 0 0 0 0         120
62372 3 0 0 0 0         120
13623 3 0 0 0 0         120
33029 3 0 0 0 0         120
K6923 3 0 0 0 0         120
A3844 3 0 0 0 0         120
27632 3 0 0 0 0         120
89556 3 0 0 0 0         120
11272 3 0 0 0 0         120
68298 3 0 0 0 0         120
34536 3 0 0 0 0         120
61205 3 0 0 0 0         120
81943 3 0 0 0 0         120
08472 3 0 0 0 0         120
85399 3 0 0 0 0         120
J6902 3 0 0 0 0         120
W2826 3 0 0 0 0         120
D0473 3 0 0 0 0         120
E2823 3 0 0 0 0         120
48119 3 0 0 0 0         120
45655 3 0 0 0 0         120
L6558 3 0 0 0 0         120
96011 3 0 0 0 0         120
05347 3 0 0 0 0         120
E8374 3 0 0 0 0         120
04902 3 0 0 0 0         120
46287 3 0 0 0 0         120
83189 3 0 0 0 0         120
47242 3 0 0 0 0         120
D3383 3 0 0 0 0         120
E5670 3 0 0 0 0         120
59407 3 0 0 0 0         120
72816 3 0 0 0 0         120
46084 3 0 0 0 0         120
89048 3 0 0 0 0         120
62378 3 0 0 0 0         120
B0584 3 0 0 0 0         120
C1851 3 0 0 0 0         120
81719 3 0 0 0 0         120
77262 3 0 0 0 0         120
23798 3 0 0 0 0         120
K14Oc4U 3 0 0 0 0         120
05760 3 0 0 0 0         120
L6506 3 0 0 0 0         120
U7800 3 0 0 0 0         120
13919 3 0 0 0 0         120
E7011 3 0 0 0 0         120
J9564 3 0 0 0 0         120
L2305 3 0 0 0 0         120
69812 3 0 0 0 0         120
A5411 3 0 0 0 0         120
54746 3 0 0 0 0         120
H8915 3 0 0 0 0         120
07044 3 0 0 0 0         120
40533 3 0 0 0 0         120
j1414 3 0 0 0 0         120
26730 3 0 0 0 0         120
45546 3 0 0 0 0         120
07416 3 0 0 0 0         120
I3165 3 0 0 0 0         120
a8965 3 0 0 0 0         120
46248 3 0 0 0 0         120
B0828 3 0 0 0 0         120
I4869 3 0 0 0 0         120
55869 3 0 0 0 0         120
15964 3 0 0 0 0         120
01148 3 0 0 0 0         120
C4179 3 0 0 0 0         120
T3697 3 0 0 0 0         120
C0932 3 0 0 0 0         120
80441 3 0 0 0 0         120
03115 3 0 0 0 0         120
81904 3 0 0 0 0         120
D1336 3 0 0 0 0         120
55353 3 0 0 0 0         120
17973 3 0 0 0 0         120
41074 3 0 0 0 0         120
Z0599 3 0 0 0 0         120
28708 3 0 0 0 0         120
18363 3 0 0 0 0         120
G5871 3 0 0 0 0         120
79015 3 0 0 0 0         120
23400 3 0 0 0 0         120
64026 3 0 0 0 0         120
18103 3 0 0 0 0         120
21599 3 0 0 0 0         120
A4595 3 0 0 0 0         120
15394 3 0 0 0 0         120
O4676 3 0 0 0 0         120
23530 3 0 0 0 0         120
I7888 3 0 0 0 0         120
19015 3 0 0 0 0         120
B8791 3 0 0 0 0         120
67320 3 0 0 0 0         120
D2698 3 0 0 0 0         120
30519 3 0 0 0 0         120
84445 3 0 0 0 0         120
48396 3 0 0 0 0         120
J6116 3 0 0 0 0         120
56564 3 0 0 0 0         120
F9707 3 0 0 0 0         120
11585 3 0 0 0 0         120
88021 3 0 0 0 0         120
f3028 3 0 0 0 0         120
10473 3 0 0 0 0         120
R9730 3 0 0 0 0         120
66037 3 0 0 0 0         120
66194 3 0 0 0 0         120
54021 3 0 0 0 0         120
14731 3 0 0 0 0         120
C9611 3 0 0 0 0         120
23947 3 0 0 0 0         120
13388 3 0 0 0 0         120
46139 3 0 0 0 0         120
a6769 3 0 0 0 0         120
23845 3 0 0 0 0         120
47602 3 0 0 0 0         120
U0285 3 0 0 0 0         120
P8250 3 0 0 0 0         120
28850 3 0 0 0 0         120
02968 3 0 0 0 0         120
66435 3 0 0 0 0         120
N4523 3 0 0 0 0         120
71395 3 0 0 0 0         120
75806 3 0 0 0 0         120
25231 3 0 0 0 0         120
m8926 3 0 0 0 0         120
O9451 3 0 0 0 0         120
97723 3 0 0 0 0         120
87233 3 0 0 0 0         120
J0881 3 0 0 0 0         120
26353 3 0 0 0 0         120
47115 3 0 0 0 0         120
28321 3 0 0 0 0         120
C0928 3 0 0 0 0         120
A9481 3 0 0 0 0         120
04120 3 0 0 0 0         120
50110 3 0 0 0 0         120
52634 3 0 0 0 0         120
46881 3 0 0 0 0         120
23188 3 0 0 0 0         120
B0986 3 0 0 0 0         120
52795 3 0 0 0 0         120
J6113 3 0 0 0 0         120
B8745 3 0 0 0 0         120
19752 3 0 0 0 0         120
14792 3 0 0 0 0         120
45593 3 0 0 0 0         120
23559 3 0 0 0 0         120
T6438 3 0 0 0 0         120
33723 3 0 0 0 0         120
I4603 3 0 0 0 0         120
C7407 3 0 0 0 0         120
78809 3 0 0 0 0         120
84085 3 0 0 0 0         120
14663 3 0 0 0 0         120
L7598 3 0 0 0 0         120
V7681 3 0 0 0 0         120
14126 3 0 0 0 0         120
40422 3 0 0 0 0         120
27557 3 0 0 0 0         120
68552 3 0 0 0 0         120
38190 3 0 0 0 0         120
30366 3 0 0 0 0         120
07827 3 0 0 0 0         120
88227 3 0 0 0 0         120
78303 3 0 0 0 0         120
P8221 3 0 0 0 0         120
54835 3 0 0 0 0         120
24564 3 0 0 0 0         120
N7997 3 0 0 0 0         120
J8159 3 0 0 0 0         120
71061 3 0 0 0 0         120
57765 3 0 0 0 0         120
76521 3 0 0 0 0         120
43793 3 0 0 0 0         120
G3238 3 0 0 0 0         120
J5771 3 0 0 0 0         120
88604 3 0 0 0 0         120
79087 3 0 0 0 0         120
68932 3 0 0 0 0         120
63756 3 0 0 0 0         120
e4802 3 0 0 0 0         120
f4870 3 0 0 0 0         120
A3889 3 0 0 0 0         120
J6943 3 0 0 0 0         120
63824 2 0 0 0 0         120
14165 2 0 0 0 0         120
J5667 2 0 0 0 0         120
53816 2 0 0 0 0         120
60839 2 0 0 0 0         120
82394 2 0 0 0 0         120
95329 2 0 0 0 0         120
44352 2 0 0 0 0         120
67929 2 0 0 0 0         120
07813 2 0 0 0 0         120
48769 2 0 0 0 0         120
F9397 2 0 0 0 0         120
56881 2 0 0 0 0         120
X1711 2 0 0 0 0         120
65398 2 0 0 0 0         120
88615 2 0 0 0 0         120
57240 2 0 0 0 0         120
K13H20U 2 0 0 0 0         120
24904 2 0 0 0 0         120
B7851 2 0 0 0 0         120
K11Y28W 2 0 0 0 0         120
E9399 2 0 0 0 0         120
d8185 2 0 0 0 0         120
50140 2 0 0 0 0         120
23917 2 0 0 0 0         120
44507 2 0 0 0 0         120
F6654 2 0 0 0 0         120
J3762 2 0 0 0 0         120
46301 2 0 0 0 0         120
H5748 2 0 0 0 0         120
e1357 2 0 0 0 0         120
43946 2 0 0 0 0         120
15837 2 0 0 0 0         120
23428 2 0 0 0 0         120
B1142 2 0 0 0 0         120
J0730 2 0 0 0 0         120
E3174 2 0 0 0 0         120
64111 2 0 0 0 0         120
C2762 2 0 0 0 0         120
03959 2 0 0 0 0         120
61022 2 0 0 0 0         120
81829 2 0 0 0 0         120
33047 2 0 0 0 0         120
31933 2 0 0 0 0         120
a3134 2 0 0 0 0         120
T7483 2 0 0 0 0         120
B5262 2 0 0 0 0         120
92326 2 0 0 0 0         120
J1499 2 0 0 0 0         120
16376 2 0 0 0 0         120
J0729 2 0 0 0 0         120
76158 2 0 0 0 0         120
67047 2 0 0 0 0         120
f4475 2 0 0 0 0         120
B4738 2 0 0 0 0         120
56834 2 0 0 0 0         120
90009 2 0 0 0 0         120
17784 2 0 0 0 0         120
88225 2 0 0 0 0         120
36983 2 0 0 0 0         120
11309 2 0 0 0 0         120
G4189 2 0 0 0 0         120
90062 2 0 0 0 0         120
K05R22F 2 0 0 0 0         120
92916 2 0 0 0 0         120
71505 2 0 0 0 0         120
a6792 2 0 0 0 0         120
68274 2 0 0 0 0         120
45712 2 0 0 0 0         120
52822 2 0 0 0 0         120
D9151 2 0 0 0 0         120
P8137 2 0 0 0 0         120
82426 2 0 0 0 0         120
68349 2 0 0 0 0         120
59807 2 0 0 0 0         120
58722 2 0 0 0 0         120
D4760 2 0 0 0 0         120
E9690 2 0 0 0 0         120
49594 2 0 0 0 0         120
57365 2 0 0 0 0         120
F5975 2 0 0 0 0         120
C2604 2 0 0 0 0         120
33907 2 0 0 0 0         120
30437 2 0 0 0 0         120
65581 2 0 0 0 0         120
N8451 2 0 0 0 0         120
D3814 2 0 0 0 0         120
L0817 2 0 0 0 0         120
26357 2 0 0 0 0         120
51317 2 0 0 0 0         120
42554 2 0 0 0 0         120
45723 2 0 0 0 0         120
03268 2 0 0 0 0         120
K14SS5X 2 0 0 0 0         120
I5366 2 0 0 0 0         120
50478 2 0 0 0 0         120
C7822 2 0 0 0 0         120
34050 2 0 0 0 0         120
06555 2 0 0 0 0         120
C6370 2 0 0 0 0         120
28958 2 0 0 0 0         120
G9088 2 0 0 0 0         120
O6158 2 0 0 0 0         120
R7231 2 0 0 0 0         120
15508 2 0 0 0 0         120
P2259 2 0 0 0 0         120
81135 2 0 0 0 0         120
20975 2 0 0 0 0         120
C3056 2 0 0 0 0         120
16758 2 0 0 0 0         120
50719 2 0 0 0 0         120
84608 2 0 0 0 0         120
M5984 2 0 0 0 0         120
00357 2 0 0 0 0         120
J1177 2 0 0 0 0         120
O7295 2 0 0 0 0         120
14845 2 0 0 0 0         120
06341 2 0 0 0 0         120
T1707 2 0 0 0 0         120
U7406 2 0 0 0 0         120
15290 2 0 0 0 0         120
A8021 2 0 0 0 0         120
33231 2 0 0 0 0         120
g2077 2 0 0 0 0         120
O7490 2 0 0 0 0         120
43863 2 0 0 0 0         120
13371 2 0 0 0 0         120
11245 2 0 0 0 0         120
98043 2 0 0 0 0         120
L4051 2 0 0 0 0         120
b0225 2 0 0 0 0         120
A4263 2 0 0 0 0         120
B3935 2 0 0 0 0         120
52397 2 0 0 0 0         120
P1011 2 0 0 0 0         120
Z4627 2 0 0 0 0         120
F9821 2 0 0 0 0         120
A3387 2 0 0 0 0         120
24967 2 0 0 0 0         120
L6535 2 0 0 0 0         120
07543 2 0 0 0 0         120
I7215 2 0 0 0 0         120
78882 2 0 0 0 0         120
41757 2 0 0 0 0         120
48957 2 0 0 0 0         120
G0264 2 0 0 0 0         120
15236 2 0 0 0 0         120
e1876 2 0 0 0 0         120
38982 2 0 0 0 0         120
E5161 2 0 0 0 0         120
C5802 2 0 0 0 0         120
81751 2 0 0 0 0         120
14582 2 0 0 0 0         120
D2930 2 0 0 0 0         120
74602 2 0 0 0 0         120
D2174 2 0 0 0 0         120
15867 2 0 0 0 0         120
H9587 2 0 0 0 0         120
C9853 2 0 0 0 0         120
01673 2 0 0 0 0         120
P8217 2 0 0 0 0         120
C9807 2 0 0 0 0         120
E4422 2 0 0 0 0         120
A9300 2 0 0 0 0         120
R4016 2 0 0 0 0         120
36693 2 0 0 0 0         120
39509 2 0 0 0 0         120
D9830 2 0 0 0 0         120
99018 2 0 0 0 0         120
D1397 2 0 0 0 0         120
S2502 2 0 0 0 0         120
B6580 2 0 0 0 0         120
63595 2 0 0 0 0         120
78152 2 0 0 0 0         120
B1699 2 0 0 0 0         120
d7906 2 0 0 0 0         120
45878 2 0 0 0 0         120
G7010 2 0 0 0 0         120
b9103 2 0 0 0 0         120
43106 2 0 0 0 0         120
12239 2 0 0 0 0         120
36855 2 0 0 0 0         120
G9749 2 0 0 0 0         120
G0278 2 0 0 0 0         120
39362 2 0 0 0 0         120
04984 2 0 0 0 0         120
K10TF0B 2 0 0 0 0         120
E1798 2 0 0 0 0         120
81042 2 0 0 0 0         120
81911 2 0 0 0 0         120
18192 2 0 0 0 0         120
g7353 2 0 0 0 0         120
52075 2 0 0 0 0         120
A4428 2 0 0 0 0         120
I0074 2 0 0 0 0         120
D8221 2 0 0 0 0         120
53587 2 0 0 0 0         120
25774 2 0 0 0 0         120
p3358 2 0 0 0 0         120
O3159 2 0 0 0 0         120
J6105 2 0 0 0 0         120
44270 2 0 0 0 0         120
80356 2 0 0 0 0         120
j6683 2 0 0 0 0         120
N0473 2 0 0 0 0         120
O7595 2 0 0 0 0         120
65823 2 0 0 0 0         120
F8894 2 0 0 0 0         120
J2558 2 0 0 0 0         120
26147 2 0 0 0 0         120
T6793 2 0 0 0 0         120
K12BD1D 2 0 0 0 0         120
46873 2 0 0 0 0         120
23821 2 0 0 0 0         120
07212 2 0 0 0 0         120
29449 2 0 0 0 0         120
Z7489 2 0 0 0 0         120
27024 2 0 0 0 0         120
61150 2 0 0 0 0         120
A3918 2 0 0 0 0         120
80968 2 0 0 0 0         120
52901 2 0 0 0 0         120
12205 2 0 0 0 0         120
22592 2 0 0 0 0         120
C2931 2 0 0 0 0         120
A8165 2 0 0 0 0         120
F9695 2 0 0 0 0         120
40089 2 0 0 0 0         120
36347 2 0 0 0 0         120
50784 2 0 0 0 0         120
D9530 2 0 0 0 0         120
N2328 2 0 0 0 0         120
D1365 2 0 0 0 0         120
W2867 2 0 0 0 0         120
G0107 2 0 0 0 0         120
57910 2 0 0 0 0         120
J6086 2 0 0 0 0         120
28324 2 0 0 0 0         120
87776 2 0 0 0 0         120
21990 2 0 0 0 0         120
a3900 2 0 0 0 0         120
A9867 2 0 0 0 0         120
08824 2 0 0 0 0         120
78151 2 0 0 0 0         120
G1044 2 0 0 0 0         120
C0234 2 0 0 0 0         120
S0877 2 0 0 0 0         120
21158 2 0 0 0 0         120
65811 2 0 0 0 0         120
M6355 2 0 0 0 0         120
66689 2 0 0 0 0         120
D0582 2 0 0 0 0         120
45662 2 0 0 0 0         120
13523 2 0 0 0 0         120
B0472 2 0 0 0 0         120
g2063 2 0 0 0 0         120
89215 2 0 0 0 0         120
01896 2 0 0 0 0         120
02478 2 0 0 0 0         120
78344 2 0 0 0 0         120
J6759 2 0 0 0 0         120
73027 2 0 0 0 0         120
00097 2 0 0 0 0         120
16051 2 0 0 0 0         120
76036 2 0 0 0 0         120
55414 2 0 0 0 0         120
R0095 2 0 0 0 0         120
J5970 2 0 0 0 0         120
B2391 2 0 0 0 0         120
26182 2 0 0 0 0         120
J4175 2 0 0 0 0         120
A8600 2 0 0 0 0         120
99277 2 0 0 0 0         120
J6530 2 0 0 0 0         120
07075 2 0 0 0 0         120
a3817 2 0 0 0 0         120
C8575 2 0 0 0 0         120
A5021 2 0 0 0 0         120
68234 2 0 0 0 0         120
F8784 2 0 0 0 0         120
72630 2 0 0 0 0         120
58244 2 0 0 0 0         120
J3858 2 0 0 0 0         120
78188 2 0 0 0 0         120
J3853 2 0 0 0 0         120
17797 2 0 0 0 0         120
68136 2 0 0 0 0         120
J6132 2 0 0 0 0         120
J0710 2 0 0 0 0         120
50737 2 0 0 0 0         120
17350 2 0 0 0 0         120
G1291 2 0 0 0 0         120
63651 2 0 0 0 0         120
30753 2 0 0 0 0         120
16663 2 0 0 0 0         120
09941 2 0 0 0 0         120
E8666 2 0 0 0 0         120
K05T41P 2 0 0 0 0         120
01724 2 0 0 0 0         120
46211 2 0 0 0 0         120
44503 2 0 0 0 0         120
C1271 2 0 0 0 0         120
34225 2 0 0 0 0         120
Q7522 2 0 0 0 0         120
F3090 2 0 0 0 0         120
24231 2 0 0 0 0         120
65701 2 0 0 0 0         120
F2908 2 0 0 0 0         120
77571 2 0 0 0 0         120
27786 2 0 0 0 0         120
45335 2 0 0 0 0         120
Z2180 2 0 0 0 0         120
72702 2 0 0 0 0         120
j0164 2 0 0 0 0         120
J7458 2 0 0 0 0         120
44545 2 0 0 0 0         120
82180 2 0 0 0 0         120
02698 2 0 0 0 0         120
A8554 2 0 0 0 0         120
24357 2 0 0 0 0         120
26142 2 0 0 0 0         120
O3590 2 0 0 0 0         120
B5177 2 0 0 0 0         120
G4137 2 0 0 0 0         120
94500 2 0 0 0 0         120
G0937 2 0 0 0 0         120
I9946 2 0 0 0 0         120
06505 2 0 0 0 0         120
65863 2 0 0 0 0         120
51670 2 0 0 0 0         120
P9179 2 0 0 0 0         120
A3162 2 0 0 0 0         120
22069 2 0 0 0 0         120
00168 2 0 0 0 0         120
13019 2 0 0 0 0         120
28156 2 0 0 0 0         120
e2720 2 0 0 0 0         120
17449 2 0 0 0 0         120
F8127 2 0 0 0 0         120
25784 2 0 0 0 0         120
M0656 2 0 0 0 0         120
15893 2 0 0 0 0         120
b8387 2 0 0 0 0         120
44488 2 0 0 0 0         120
P8335 2 0 0 0 0         120
G5641 2 0 0 0 0         120
O2057 2 0 0 0 0         120
30796 2 0 0 0 0         120
I2440 2 0 0 0 0         120
07015 2 0 0 0 0         120
N4605 2 0 0 0 0         120
27538 2 0 0 0 0         120
A1139 2 0 0 0 0         120
B3763 2 0 0 0 0         120
84741 2 0 0 0 0         120
E2682 2 0 0 0 0         120
G2453 2 0 0 0 0         120
09595 2 0 0 0 0         120
54680 2 0 0 0 0         120
95024 2 0 0 0 0         120
82813 2 0 0 0 0         120
A1835 2 0 0 0 0         120
44544 2 0 0 0 0         120
O2018 2 0 0 0 0         120
e9609 2 0 0 0 0         120
75776 2 0 0 0 0         120
21635 2 0 0 0 0         120
N6813 2 0 0 0 0         120
J5720 2 0 0 0 0         120
D9442 2 0 0 0 0         120
54325 2 0 0 0 0         120
P1169 2 0 0 0 0         120
06254 2 0 0 0 0         120
L5322 2 0 0 0 0         120
37281 2 0 0 0 0         120
71361 2 0 0 0 0         120
68848 2 0 0 0 0         120
G3254 2 0 0 0 0         120
C9345 2 0 0 0 0         120
42146 2 0 0 0 0         120
b6491 2 0 0 0 0         120
G0418 2 0 0 0 0         120
P7946 2 0 0 0 0         120
56644 2 0 0 0 0         120
P1274 2 0 0 0 0         120
G3196 2 0 0 0 0         120
X7413 2 0 0 0 0         120
82024 2 0 0 0 0         120
G3691 2 0 0 0 0         120
31864 2 0 0 0 0         120
64691 2 0 0 0 0         120
05982 2 0 0 0 0         120
37363 2 0 0 0 0         120
76848 2 0 0 0 0         120
C2212 2 0 0 0 0         120
31116 2 0 0 0 0         120
47117 2 0 0 0 0         120
88617 2 0 0 0 0         120
29235 2 0 0 0 0         120
81869 2 0 0 0 0         120
K15X66C 2 0 0 0 0         120
G0266 2 0 0 0 0         120
O9337 2 0 0 0 0         120
01502 2 0 0 0 0         120
78174 2 0 0 0 0         120
00253 2 0 0 0 0         120
47189 2 0 0 0 0         120
03337 2 0 0 0 0         120
J5880 2 0 0 0 0         120
C2089 2 0 0 0 0         120
82645 2 0 0 0 0         120
00156 2 0 0 0 0         120
85281 2 0 0 0 0         120
09271 2 0 0 0 0         120
43576 2 0 0 0 0         120
A9485 2 0 0 0 0         120
G3151 2 0 0 0 0         120
P4238 2 0 0 0 0         120
50604 2 0 0 0 0         120
60685 2 0 0 0 0         120
B2892 2 0 0 0 0         120
H9996 2 0 0 0 0         120
47945 2 0 0 0 0         120
42268 2 0 0 0 0         120
64110 2 0 0 0 0         120
L6540 2 0 0 0 0         120
45386 2 0 0 0 0         120
H1485 2 0 0 0 0         120
81878 2 0 0 0 0         120
E2159 2 0 0 0 0         120
65000 2 0 0 0 0         120
18538 2 0 0 0 0         120
12210 2 0 0 0 0         120
J5645 2 0 0 0 0         120
53337 2 0 0 0 0         120
95896 2 0 0 0 0         120
63970 2 0 0 0 0         120
44295 2 0 0 0 0         120
B0369 2 0 0 0 0         120
d6187 2 0 0 0 0         120
K6926 2 0 0 0 0         120
29846 2 0 0 0 0         120
O7502 2 0 0 0 0         120
16232 2 0 0 0 0         120
51957 1 0 0 0 0         120
18913 1 0 0 0 0         120
21584 1 0 0 0 0         120
34342 1 0 0 0 0         120
14101 1 0 0 0 0         120
18551 1 0 0 0 0         120
R0878 1 0 0 0 0         120
B6860 1 0 0 0 0         120
B2338 1 0 0 0 0         120
C6452 1 0 0 0 0         120
23382 1 0 0 0 0         120
29855 1 0 0 0 0         120
P8552 1 0 0 0 0         120
D2715 1 0 0 0 0         120
L6976 1 0 0 0 0         120
B3203 1 0 0 0 0         120
k1809 1 0 0 0 0         120
T3603 1 0 0 0 0         120
R0931 1 0 0 0 0         120
T1544 1 0 0 0 0         120
71324 1 0 0 0 0         120
B3707 1 0 0 0 0         120
24390 1 0 0 0 0         120
K17FC4Q 1 0 0 0 0         120
43601 1 0 0 0 0         120
E8744 1 0 0 0 0         120
A3439 1 0 0 0 0         120
E2633 1 0 0 0 0         120
00774 1 0 0 0 0         120
A8763 1 0 0 0 0         120
01167 1 0 0 0 0         120
P0161 1 0 0 0 0         120
25716 1 0 0 0 0         120
43522 1 0 0 0 0         120
B6974 1 0 0 0 0         120
27461 1 0 0 0 0         120
K14QL7J 1 0 0 0 0         120
84637 1 0 0 0 0         120
18982 1 0 0 0 0         120
R6359 1 0 0 0 0         120
46730 1 0 0 0 0         120
44223 1 0 0 0 0         120
15373 1 0 0 0 0         120
84589 1 0 0 0 0         120
K0374 1 0 0 0 0         120
58804 1 0 0 0 0         120
I1372 1 0 0 0 0         120
20095 1 0 0 0 0         120
C6153 1 0 0 0 0         120
36553 1 0 0 0 0         120
48131 1 0 0 0 0         120
O4729 1 0 0 0 0         120
85924 1 0 0 0 0         120
67372 1 0 0 0 0         120
B2436 1 0 0 0 0         120
O9831 1 0 0 0 0         120
V9457 1 0 0 0 0         120
S2531 1 0 0 0 0         120
36707 1 0 0 0 0         120
56737 1 0 0 0 0         120
E9313 1 0 0 0 0         120
B6929 1 0 0 0 0         120
d2554 1 0 0 0 0         120
N9299 1 0 0 0 0         120
92656 1 0 0 0 0         120
97620 1 0 0 0 0         120
E4329 1 0 0 0 0         120
I8733 1 0 0 0 0         120
68047 1 0 0 0 0         120
N4731 1 0 0 0 0         120
N1983 1 0 0 0 0         120
51771 1 0 0 0 0         120
88792 1 0 0 0 0         120
D4868 1 0 0 0 0         120
26710 1 0 0 0 0         120
04254 1 0 0 0 0         120
a9871 1 0 0 0 0         120
D5897 1 0 0 0 0         120
04201 1 0 0 0 0         120
B8232 1 0 0 0 0         120
30941 1 0 0 0 0         120
66422 1 0 0 0 0         120
Y0019 1 0 0 0 0         120
k1234 1 0 0 0 0         120
a8061 1 0 0 0 0         120
A1789 1 0 0 0 0         120
e9463 1 0 0 0 0         120
74422 1 0 0 0 0         120
34690 1 0 0 0 0         120
34012 1 0 0 0 0         120
85402 1 0 0 0 0         120
f3613 1 0 0 0 0         120
B7726 1 0 0 0 0         120
Q9860 1 0 0 0 0         120
e9255 1 0 0 0 0         120
88240 1 0 0 0 0         120
P7873 1 0 0 0 0         120
C4244 1 0 0 0 0         120
C2749 1 0 0 0 0         120
N2989 1 0 0 0 0         120
54123 1 0 0 0 0         120
K17B60A 1 0 0 0 0         120
J5669 1 0 0 0 0         120
H1861 1 0 0 0 0         120
67186 1 0 0 0 0         120
67448 1 0 0 0 0         120
S2338 1 0 0 0 0         120
58709 1 0 0 0 0         120
P3282 1 0 0 0 0         120
J3741 1 0 0 0 0         120
W0016 1 0 0 0 0         120
B8644 1 0 0 0 0         120
88703 1 0 0 0 0         120
d7802 1 0 0 0 0         120
17069 1 0 0 0 0         120
J5636 1 0 0 0 0         120
A3333 1 0 0 0 0         120
01349 1 0 0 0 0         120
41568 1 0 0 0 0         120
Z7676 1 0 0 0 0         120
O6913 1 0 0 0 0         120
C1204 1 0 0 0 0         120
21411 1 0 0 0 0         120
E2921 1 0 0 0 0         120
X0803 1 0 0 0 0         120
18124 1 0 0 0 0         120
A4779 1 0 0 0 0         120
K15Fb3L 1 0 0 0 0         120
K0064 1 0 0 0 0         120
15529 1 0 0 0 0         120
J7269 1 0 0 0 0         120
I9498 1 0 0 0 0         120
41528 1 0 0 0 0         120
38625 1 0 0 0 0         120
j4334 1 0 0 0 0         120
70824 1 0 0 0 0         120
b0070 1 0 0 0 0         120
77331 1 0 0 0 0         120
A3378 1 0 0 0 0         120
K09SG5J 1 0 0 0 0         120
d4827 1 0 0 0 0         120
e9486 1 0 0 0 0         120
D0285 1 0 0 0 0         120
J6019 1 0 0 0 0         120
46677 1 0 0 0 0         120
44456 1 0 0 0 0         120
L0516 1 0 0 0 0         120
B0794 1 0 0 0 0         120
46098 1 0 0 0 0         120
C4004 1 0 0 0 0         120
59141 1 0 0 0 0         120
68770 1 0 0 0 0         120
65217 1 0 0 0 0         120
03229 1 0 0 0 0         120
75377 1 0 0 0 0         120
B6357 1 0 0 0 0         120
e7345 1 0 0 0 0         120
K10O51Q 1 0 0 0 0         120
j1571 1 0 0 0 0         120
K15Xc4H 1 0 0 0 0         120
81469 1 0 0 0 0         120
I8201 1 0 0 0 0         120
10703 1 0 0 0 0         120
K13CM4D 1 0 0 0 0         120
F1810 1 0 0 0 0         120
D0820 1 0 0 0 0         120
95935 1 0 0 0 0         120
50965 1 0 0 0 0         120
A7913 1 0 0 0 0         120
B8774 1 0 0 0 0         120
E7811 1 0 0 0 0         120
69954 1 0 0 0 0         120
S9773 1 0 0 0 0         120
N6377 1 0 0 0 0         120
87188 1 0 0 0 0         120
82601 1 0 0 0 0         120
78144 1 0 0 0 0         120
16908 1 0 0 0 0         120
P4917 1 0 0 0 0         120
Z3419 1 0 0 0 0         120
23116 1 0 0 0 0         120
83214 1 0 0 0 0         120
P8333 1 0 0 0 0         120
93395 1 0 0 0 0         120
D6557 1 0 0 0 0         120
P6103 1 0 0 0 0         120
P2470 1 0 0 0 0         120
75699 1 0 0 0 0         120
L5503 1 0 0 0 0         120
37478 1 0 0 0 0         120
30551 1 0 0 0 0         120
32093 1 0 0 0 0         120
P6838 1 0 0 0 0         120
I9894 1 0 0 0 0         120
a6765 1 0 0 0 0         120
D9507 1 0 0 0 0         120
21541 1 0 0 0 0         120
j9820 1 0 0 0 0         120
09290 1 0 0 0 0         120
01969 1 0 0 0 0         120
92500 1 0 0 0 0         120
37289 1 0 0 0 0         120
L2248 1 0 0 0 0         120
f2026 1 0 0 0 0         120
N6764 1 0 0 0 0         120
51848 1 0 0 0 0         120
57720 1 0 0 0 0         120
61372 1 0 0 0 0         120
G0367 1 0 0 0 0         120
K10P63V 1 0 0 0 0         120
W3568 1 0 0 0 0         120
f6459 1 0 0 0 0         120
K11SR3O 1 0 0 0 0         120
76652 1 0 0 0 0         120
78309 1 0 0 0 0         120
78909 1 0 0 0 0         120
c5151 1 0 0 0 0         120
10276 1 0 0 0 0         120
05570 1 0 0 0 0         120
L4315 1 0 0 0 0         120
D3169 1 0 0 0 0         120
61040 1 0 0 0 0         120
29247 1 0 0 0 0         120
83176 1 0 0 0 0         120
Z4076 1 0 0 0 0         120
K0373 1 0 0 0 0         120
Z1614 1 0 0 0 0         120
J1387 1 0 0 0 0         120
Q0923 1 0 0 0 0         120
P6409 1 0 0 0 0         120
H2621 1 0 0 0 0         120
52518 1 0 0 0 0         120
O6045 1 0 0 0 0         120
96017 1 0 0 0 0         120
19767 1 0 0 0 0         120
22684 1 0 0 0 0         120
34718 1 0 0 0 0         120
K13Q42W 1 0 0 0 0         120
12224 1 0 0 0 0         120
43228 1 0 0 0 0         120
34288 1 0 0 0 0         120
66941 1 0 0 0 0         120
16739 1 0 0 0 0         120
Z7568 1 0 0 0 0         120
45203 1 0 0 0 0         120
h7326 1 0 0 0 0         120
S4206 1 0 0 0 0         120
A2903 1 0 0 0 0         120
O3827 1 0 0 0 0         120
14611 1 0 0 0 0         120
O7583 1 0 0 0 0         120
80612 1 0 0 0 0         120
96171 1 0 0 0 0         120
K4326 1 0 0 0 0         120
F4653 1 0 0 0 0         120
01102 1 0 0 0 0         120
89032 1 0 0 0 0         120
G3633 1 0 0 0 0         120
B7145 1 0 0 0 0         120
87069 1 0 0 0 0         120
51086 1 0 0 0 0         120
B7627 1 0 0 0 0         120
53756 1 0 0 0 0         120
21759 1 0 0 0 0         120
L8375 1 0 0 0 0         120
c4247 1 0 0 0 0         120
56237 1 0 0 0 0         120
K15A48R 1 0 0 0 0         120
50161 1 0 0 0 0         120
f2714 1 0 0 0 0         120
B1114 1 0 0 0 0         120
65397 1 0 0 0 0         120
89085 1 0 0 0 0         120
L7784 1 0 0 0 0         120
A3371 1 0 0 0 0         120
A6071 1 0 0 0 0         120
P1267 1 0 0 0 0         120
27223 1 0 0 0 0         120
K0659 1 0 0 0 0         120
Y4190 1 0 0 0 0         120
18379 1 0 0 0 0         120
66053 1 0 0 0 0         120
97626 1 0 0 0 0         120
M8762 1 0 0 0 0         120
A8365 1 0 0 0 0         120
04402 1 0 0 0 0         120
K01SS9Y 1 0 0 0 0         120
J1254 1 0 0 0 0         120
S5957 1 0 0 0 0         120
C4427 1 0 0 0 0         120
G2182 1 0 0 0 0         120
66986 1 0 0 0 0         120
S0553 1 0 0 0 0         120
K3928 1 0 0 0 0         120
M4543 1 0 0 0 0         120
A1002 1 0 0 0 0         120
63826 1 0 0 0 0         120
D5893 1 0 0 0 0         120
e0870 1 0 0 0 0         120
f0475 1 0 0 0 0         120
R0884 1 0 0 0 0         120
77846 1 0 0 0 0         120
26419 1 0 0 0 0         120
51176 1 0 0 0 0         120
23215 1 0 0 0 0         120
G0764 1 0 0 0 0         120
56548 1 0 0 0 0         120
I0876 1 0 0 0 0         120
B1174 1 0 0 0 0         120
23569 1 0 0 0 0         120
50102 1 0 0 0 0         120
T5601 1 0 0 0 0         120
E8544 1 0 0 0 0         120
O3369 1 0 0 0 0         120
K2175 1 0 0 0 0         120
71703 1 0 0 0 0         120
07933 1 0 0 0 0         120
62397 1 0 0 0 0         120
55465 1 0 0 0 0         120
K14Od0X 1 0 0 0 0         120
H6839 1 0 0 0 0         120
80921 1 0 0 0 0         120
I9816 1 0 0 0 0         120
75562 1 0 0 0 0         120
I7828 1 0 0 0 0         120
J3016 1 0 0 0 0         120
W9617 1 0 0 0 0         120
53475 1 0 0 0 0         120
C3170 1 0 0 0 0         120
19872 1 0 0 0 0         120
90707 1 0 0 0 0         120
V9033 1 0 0 0 0         120
K14QZ1H 1 0 0 0 0         120
b2089 1 0 0 0 0         120
25746 1 0 0 0 0         120
e0890 1 0 0 0 0         120
X1851 1 0 0 0 0         120
31650 1 0 0 0 0         120
J1422 1 0 0 0 0         120
60749 1 0 0 0 0         120
B3405 1 0 0 0 0         120
O6058 1 0 0 0 0         120
K01P36E 1 0 0 0 0         120
A6761 1 0 0 0 0         120
50319 1 0 0 0 0         120
31696 1 0 0 0 0         120
59603 1 0 0 0 0         120
J2216 1 0 0 0 0         120
K1762 1 0 0 0 0         120
C7423 1 0 0 0 0         120
R1140 1 0 0 0 0         120
32922 1 0 0 0 0         120
37353 1 0 0 0 0         120
81480 1 0 0 0 0         120
P0259 1 0 0 0 0         120
31972 1 0 0 0 0         120
U7618 1 0 0 0 0         120
36872 1 0 0 0 0         120
M0351 1 0 0 0 0         120
03017 1 0 0 0 0         120
49557 1 0 0 0 0         120
X4969 1 0 0 0 0         120
37325 1 0 0 0 0         120
H7037 1 0 0 0 0         120
45516 1 0 0 0 0         120
B5513 1 0 0 0 0         120
40179 1 0 0 0 0         120
B0417 1 0 0 0 0         120
85307 1 0 0 0 0         120
O2205 1 0 0 0 0         120
23517 1 0 0 0 0         120
57581 1 0 0 0 0         120
K15U77O 1 0 0 0 0         120
18686 1 0 0 0 0         120
78607 1 0 0 0 0         120
04138 1 0 0 0 0         120
E3209 1 0 0 0 0         120
Q0673 1 0 0 0 0         120
S5441 1 0 0 0 0         120
68049 1 0 0 0 0         120
09674 1 0 0 0 0         120
41461 1 0 0 0 0         120
85659 1 0 0 0 0         120
50352 1 0 0 0 0         120
88991 1 0 0 0 0         120
12195 1 0 0 0 0         120
51777 1 0 0 0 0         120
e5018 1 0 0 0 0         120
28673 1 0 0 0 0         120
41392 1 0 0 0 0         120
27771 1 0 0 0 0         120
a3936 1 0 0 0 0         120
I2653 1 0 0 0 0         120
48895 1 0 0 0 0         120
88504 1 0 0 0 0         120
U9092 1 0 0 0 0         120
01987 1 0 0 0 0         120
17241 1 0 0 0 0         120
I9441 1 0 0 0 0         120
58955 1 0 0 0 0         120
B2940 1 0 0 0 0         120
70457 1 0 0 0 0         120
56210 1 0 0 0 0         120
I8866 1 0 0 0 0         120
N7653 1 0 0 0 0         120
65357 1 0 0 0 0         120
a9112 1 0 0 0 0         120
K7250 1 0 0 0 0         120
D3132 1 0 0 0 0         120
60540 1 0 0 0 0         120
50658 1 0 0 0 0         120
g1165 1 0 0 0 0         120
K1408 1 0 0 0 0         120
i4369 1 0 0 0 0         120
J4015 1 0 0 0 0         120
n0405 1 0 0 0 0         120
29738 1 0 0 0 0         120
81914 1 0 0 0 0         120
48099 1 0 0 0 0         120
10027 1 0 0 0 0         120
S8894 1 0 0 0 0         120
54791 1 0 0 0 0         120
g9761 1 0 0 0 0         120
J0353 1 0 0 0 0         120
V8789 1 0 0 0 0         120
K0140 1 0 0 0 0         120
A3056 1 0 0 0 0         120
I3524 1 0 0 0 0         120
A8928 1 0 0 0 0         120
17475 1 0 0 0 0         120
S0449 1 0 0 0 0         120
54678 1 0 0 0 0         120
66054 1 0 0 0 0         120
H8300 1 0 0 0 0         120
K4329 1 0 0 0 0         120
R8421 1 0 0 0 0         120
G0575 1 0 0 0 0         120
88760 1 0 0 0 0         120
07720 1 0 0 0 0         120
06224 1 0 0 0 0         120
84484 1 0 0 0 0         120
30584 1 0 0 0 0         120
49571 1 0 0 0 0         120
09683 1 0 0 0 0         120
C9837 1 0 0 0 0         120
68596 1 0 0 0 0         120
14964 1 0 0 0 0         120
62091 1 0 0 0 0         120
D7879 1 0 0 0 0         120
B7547 1 0 0 0 0         120
X1841 1 0 0 0 0         120
K5496 1 0 0 0 0         120
38322 1 0 0 0 0         120
Q2356 1 0 0 0 0         120
B8699 1 0 0 0 0         120
J7586 1 0 0 0 0         120
48896 1 0 0 0 0         120
18405 1 0 0 0 0         120
U1636 1 0 0 0 0         120
56115 1 0 0 0 0         120
34354 1 0 0 0 0         120
K8737 1 0 0 0 0         120
78100 1 0 0 0 0         120
21372 1 0 0 0 0         120
J6710 1 0 0 0 0         120
72604 1 0 0 0 0         120
P0486 1 0 0 0 0         120
56701 1 0 0 0 0         120
93001 1 0 0 0 0         120
32220 1 0 0 0 0         120
84038 1 0 0 0 0         120
K1782 1 0 0 0 0         120
M6992 1 0 0 0 0         120
O6041 1 0 0 0 0         120
P0227 1 0 0 0 0         120
C4362 1 0 0 0 0         120
G2822 1 0 0 0 0         120
89330 1 0 0 0 0         120
A1026 1 0 0 0 0         120
88492 1 0 0 0 0         120
B7682 1 0 0 0 0         120
F4675 1 0 0 0 0         120
91997 1 0 0 0 0         120
10361 1 0 0 0 0         120
Q5036 1 0 0 0 0         120
77641 1 0 0 0 0         120
44557 1 0 0 0 0         120
V7018 1 0 0 0 0         120
48343 1 0 0 0 0         120
m5475 1 0 0 0 0         120
15073 1 0 0 0 0         120
J0229 1 0 0 0 0         120
D2815 1 0 0 0 0         120
C4019 1 0 0 0 0         120
A5683 1 0 0 0 0         120
61473 1 0 0 0 0         120
b3278 1 0 0 0 0         120
05436 1 0 0 0 0         120
K15XO5K 1 0 0 0 0         120
04202 1 0 0 0 0         120
O4724 1 0 0 0 0         120
F8767 1 0 0 0 0         120
K13HD0C 1 0 0 0 0         120
L2330 1 0 0 0 0         120
f0796 1 0 0 0 0         120
A0452 1 0 0 0 0         120
50874 1 0 0 0 0         120
68410 1 0 0 0 0         120
J6364 1 0 0 0 0         120
01257 1 0 0 0 0         120
36911 1 0 0 0 0         120
80231 1 0 0 0 0         120
94852 1 0 0 0 0         120
K3065 1 0 0 0 0         120
71570 1 0 0 0 0         120
P1617 1 0 0 0 0         120
54329 1 0 0 0 0         120
18621 1 0 0 0 0         120
89872 1 0 0 0 0         120
60699 1 0 0 0 0         120
V7157 1 0 0 0 0         120
D6609 1 0 0 0 0         120
78505 1 0 0 0 0         120
27798 1 0 0 0 0         120
98178 1 0 0 0 0         120
Z5267 1 0 0 0 0         120
24614 1 0 0 0 0         120
O7504 1 0 0 0 0         120
N0498 1 0 0 0 0         120
30147 1 0 0 0 0         120
K13W26Y 1 0 0 0 0         120
G1025 1 0 0 0 0         120
B2449 1 0 0 0 0         120
P8299 1 0 0 0 0         120
02148 1 0 0 0 0         120
H5824 1 0 0 0 0         120
17729 1 0 0 0 0         120
56599 1 0 0 0 0         120
77695 1 0 0 0 0         120
A0404 1 0 0 0 0         120
b0273 1 0 0 0 0         120
K01SF4J 1 0 0 0 0         120
P1187 1 0 0 0 0         120
39379 1 0 0 0 0         120
L6616 1 0 0 0 0         120
b6061 1 0 0 0 0         120
23575 1 0 0 0 0         120
a5644 1 0 0 0 0         120
58567 1 0 0 0 0         120
08964 1 0 0 0 0         120
68998 1 0 0 0 0         120
43840 1 0 0 0 0         120
63646 1 0 0 0 0         120
E2972 1 0 0 0 0         120
G1478 1 0 0 0 0         120
85750 1 0 0 0 0         120
F9557 1 0 0 0 0         120
X0511 1 0 0 0 0         120
03883 1 0 0 0 0         120
70252 1 0 0 0 0         120
k4296 1 0 0 0 0         120
62161 1 0 0 0 0         120
12740 1 0 0 0 0         120
B2831 1 0 0 0 0         120
49899 1 0 0 0 0         120
K05Q69Z 1 0 0 0 0         120
B7852 1 0 0 0 0         120
n3319 1 0 0 0 0         120
a5041 1 0 0 0 0         120
A8512 1 0 0 0 0         120
77398 1 0 0 0 0         120
06082 1 0 0 0 0         120
54941 1 0 0 0 0         120
27226 1 0 0 0 0         120
A0316 1 0 0 0 0         120
21257 1 0 0 0 0         120
M5089 1 0 0 0 0         120
13048 1 0 0 0 0         120
00408 1 0 0 0 0         120
L9954 1 0 0 0 0         120
A9756 1 0 0 0 0         120
75916 1 0 0 0 0         120
27112 1 0 0 0 0         120
24498 1 0 0 0 0         120
61283 1 0 0 0 0         120
g6380 1 0 0 0 0         120
U7261 1 0 0 0 0         120
J5710 1 0 0 0 0         120
94799 1 0 0 0 0         120
48806 1 0 0 0 0         120
K4861 1 0 0 0 0         120
23269 1 0 0 0 0         120
D8439 1 0 0 0 0         120
05655 1 0 0 0 0         120
n2897 1 0 0 0 0         120
83396 1 0 0 0 0         120
15528 1 0 0 0 0         120
23420 1 0 0 0 0         120
38586 1 0 0 0 0         120
V7014 1 0 0 0 0         120
15559 1 0 0 0 0         120
a4943 1 0 0 0 0         120
06446 1 0 0 0 0         120
E1572 1 0 0 0 0         120
S8664 1 0 0 0 0         120
90312 1 0 0 0 0         120
97877 1 0 0 0 0         120
J2617 1 0 0 0 0         120
I6061 1 0 0 0 0         120
56783 1 0 0 0 0         120
B3467 1 0 0 0 0         120
77704 1 0 0 0 0         120
a8401 1 0 0 0 0         120
J5670 1 0 0 0 0         120
C6601 1 0 0 0 0         120
31262 1 0 0 0 0         120
24632 1 0 0 0 0         120
D9339 1 0 0 0 0         120
K3279 1 0 0 0 0         120
M3663 1 0 0 0 0         120
17889 1 0 0 0 0         120
28859 1 0 0 0 0         120
K10U43N 1 0 0 0 0         120
07542 1 0 0 0 0         120
P2257 1 0 0 0 0         120
77166 1 0 0 0 0         120
K10D45S 1 0 0 0 0         120
K08R62Y 1 0 0 0 0         120
F3114 1 0 0 0 0         120
30986 1 0 0 0 0         120
G3771 1 0 0 0 0         120
32744 1 0 0 0 0         120
f2548 1 0 0 0 0         120
07903 1 0 0 0 0         120
A8787 1 0 0 0 0         120
B7729 1 0 0 0 0         120
e3098 1 0 0 0 0         120
J5737 1 0 0 0 0         120
O4395 1 0 0 0 0         120
76038 1 0 0 0 0         120
G0775 1 0 0 0 0         120
W1795 1 0 0 0 0         120
O5107 1 0 0 0 0         120
17564 1 0 0 0 0         120
90217 1 0 0 0 0         120
27344 1 0 0 0 0         120
I9287 1 0 0 0 0         120
33246 1 0 0 0 0         120
P1721 1 0 0 0 0         120
a2262 1 0 0 0 0         120
K10H19H 1 0 0 0 0         120
98749 1 0 0 0 0         120
g8268 1 0 0 0 0         120
J1572 1 0 0 0 0         120
43713 1 0 0 0 0         120
61788 1 0 0 0 0         120
L6987 1 0 0 0 0         120
f0555 1 0 0 0 0         120
75949 1 0 0 0 0         120
m9218 1 0 0 0 0         120
O3778 1 0 0 0 0         120
D4802 1 0 0 0 0         120
04696 1 0 0 0 0         120
J2543 1 0 0 0 0         120
E2023 1 0 0 0 0         120
G0694 1 0 0 0 0         120
K9506 1 0 0 0 0         120
W9682 1 0 0 0 0         120
D2860 1 0 0 0 0         120
D9743 1 0 0 0 0         120
P1216 1 0 0 0 0         120
07216 1 0 0 0 0         120
O3484 1 0 0 0 0         120
j0174 1 0 0 0 0         120
L5973 1 0 0 0 0         120
B8411 1 0 0 0 0         120
C2335 1 0 0 0 0         120
Q5081 1 0 0 0 0         120
Z0055 1 0 0 0 0         120
35317 1 0 0 0 0         120
K16AG9Q 1 0 0 0 0         120
d6803 1 0 0 0 0         120
88543 1 0 0 0 0         120
24999 1 0 0 0 0         120
11106 1 0 0 0 0         120
B0889 1 0 0 0 0         120
59078 1 0 0 0 0         120
a8318 1 0 0 0 0         120
32208 1 0 0 0 0         120
76195 1 0 0 0 0         120
